55,3
55,2
55,1
55,0
54,3
54,2
54,1
54,0
53,3
53,2
53,1
53,0
50,54
0,278
0,479
0,478
0,477
0,472
52,3
52,2
52,1
52,0
51,3
51,2
0,9
51,1
51,0
50,53
50,52
50,51
50,50
50,49
50,48
50,47
50,46
50,45
50,44
50,43
50,42
50,41
50,40
50,39
50,38
50,37
50,36
50,35
3,2
10,190
10,68
10,146
10,164
10,258
10,152
10,118
10,8
9,4
9,6
8,8
8,13
8,12
8,17
8,2
8,3
48,3
48,2
48,1
48,0
44,3
44,1
43,3
43,1
42,5
42,4
42,3
42,2
42,1
20,3
20,2
20,1
19,3
19,2
19,1
17,3
17,2
17,1
16,3
16,2
16,1
15,3
15,2
18,1
15,1
18,3
14,2
13,2
12,3
14,1
14,3
13,1
13,3
12,2
12,1
11,30
11,29
11,28
11,27
11,26
11,25
11,23
11,19
11,18
